00602.jpg 0 998 9 758
00642.jpg 0 1023 0 767
00473.jpg 0 1023 0 767
02290.jpg 0 679 256 767
02196.jpg 0 1007 131 888
00449.jpg 0 1023 0 767
02121.jpg 0 682 255 768
00957.jpg 124 1023 46 721
00753.jpg 0 767 223 800
00391.jpg 0 767 223 800
00915.jpg 0 924 165 858
02065.jpg 0 959 119 840
02484.jpg 15 1008 0 744
02074.jpg 0 682 255 768
02422.jpg 0 682 255 768
00647.jpg 18 1005 0 740
02323.jpg 44 979 0 700
00925.jpg 0 1023 0 767
01151.jpg 0 724 240 783
02448.jpg 20 930 0 682
01103.jpg 0 1023 10 779
02588.jpg 0 908 48 730
02472.jpg 56 967 0 682
00207.jpg 0 635 241 718
00702.jpg 0 1023 0 767
00898.jpg 0 904 12 691
01246.jpg 17 924 0 680
00638.jpg 0 1023 0 767
00283.jpg 0 1023 0 767
02334.jpg 56 967 0 682
00396.jpg 0 1023 0 767
02203.jpg 56 967 0 682
01000.jpg 0 767 223 800
02550.jpg 0 738 270 827
02307.jpg 187 1023 70 697
00185.jpg 0 1023 0 767
00608.jpg 0 1001 8 759
00383.jpg 0 1023 0 767
00188.jpg 0 1023 0 767
02188.jpg 0 1023 104 872
01143.jpg 0 762 225 798
00730.jpg 0 756 100 667
00565.jpg 67 835 0 576
00901.jpg 38 985 0 709
00861.jpg 0 1023 0 767
00580.jpg 0 980 16 751
02258.jpg 9 1014 0 753
02387.jpg 0 683 255 768
00621.jpg 0 1013 3 764
00203.jpg 14 987 0 729
02315.jpg 0 1023 25 793
00682.jpg 0 1023 0 767
00493.jpg 0 1023 0 767
00386.jpg 0 1023 33 801
02574.jpg 0 682 255 768
02608.jpg 0 886 6 671
00460.jpg 16 1007 0 743
00711.jpg 0 959 119 840
00782.jpg 92 1023 34 733
00977.jpg 0 767 223 800
00525.jpg 0 795 213 810
02042.jpg 0 1023 0 767
02576.jpg 0 767 223 800
00700.jpg 0 1023 0 767
00043.jpg 0 818 204 819
00273.jpg 0 752 229 794
00502.jpg 41 982 0 705
02348.jpg 0 830 27 650
01242.jpg 0 994 138 885
00871.jpg 0 990 12 756
02584.jpg 0 1023 18 787
00085.jpg 0 1023 127 896
00228.jpg 112 911 0 599
02573.jpg 0 816 35 647
00260.jpg 0 959 119 840
01049.jpg 0 767 223 800
00025.jpg 0 1023 0 767
01251.jpg 0 1023 127 896
02160.jpg 0 683 255 768
00737.jpg 0 1023 0 767
02033.jpg 0 818 204 819
00779.jpg 0 1023 11 779
02163.jpg 0 703 247 776
01069.jpg 43 754 0 532
02301.jpg 0 683 255 768
01109.jpg 0 1023 0 769
00825.jpg 0 1023 0 767
00715.jpg 0 818 214 828
02235.jpg 48 975 0 695
02141.jpg 0 532 200 599
02164.jpg 0 1023 32 800
00053.jpg 0 924 165 858
00982.jpg 0 950 27 740
00426.jpg 0 1023 0 767
00352.jpg 0 1023 0 767
01037.jpg 0 1023 0 767
00829.jpg 0 808 80 687
01062.jpg 0 918 167 856
00729.jpg 0 1023 0 767
00412.jpg 18 919 0 675
00341.jpg 0 827 201 822
01017.jpg 0 1023 0 767
02233.jpg 56 967 0 682
01032.jpg 0 1023 0 767
02255.jpg 0 575 295 728
00088.jpg 0 805 209 814
00972.jpg 0 870 57 710
00570.jpg 0 1023 0 767
00445.jpg 0 1023 0 767
02442.jpg 69 1023 25 742
00555.jpg 0 959 0 719
00971.jpg 0 1023 0 767
00331.jpg 0 1007 5 762
02568.jpg 0 912 23 708
00695.jpg 0 1023 0 767
00701.jpg 59 964 0 678
02434.jpg 60 963 0 677
00732.jpg 0 988 13 754
02345.jpg 197 1023 73 694
00724.jpg 0 1023 0 767
00147.jpg 0 1015 2 765
02501.jpg 0 683 255 768
00078.jpg 0 964 150 873
02488.jpg 0 1023 25 793
02531.jpg 0 682 255 768
00535.jpg 0 839 68 699
00762.jpg 0 1000 8 759
00457.jpg 0 1023 103 871
00881.jpg 0 1003 7 760
01134.jpg 0 1023 127 896
00028.jpg 0 882 52 715
02288.jpg 0 959 119 840
00979.jpg 12 952 0 705
00930.jpg 0 1011 4 763
02148.jpg 0 897 175 848
02075.jpg 0 1023 0 767
02433.jpg 19 930 0 682
00913.jpg 0 864 108 756
02570.jpg 56 967 0 682
02613.jpg 0 1023 127 896
00367.jpg 0 767 223 800
00618.jpg 0 1023 127 896
00174.jpg 26 1023 9 758
02466.jpg 0 784 217 806
00084.jpg 0 1023 0 767
02229.jpg 56 967 0 683
00144.jpg 0 1023 0 767
02002.jpg 0 1023 0 767
00833.jpg 0 1023 0 767
00888.jpg 0 1023 0 767
01012.jpg 0 1023 0 767
00394.jpg 0 780 219 804
02212.jpg 0 959 119 840
02174.jpg 0 683 250 763
01181.jpg 0 767 223 800
02100.jpg 0 1011 7 767
00247.jpg 0 1023 0 767
02130.jpg 57 966 0 681
00592.jpg 0 1023 0 767
00343.jpg 0 1023 0 767
00747.jpg 0 1023 0 767
00811.jpg 0 685 254 769
00318.jpg 0 1023 80 848
00415.jpg 0 1023 0 767
00370.jpg 0 1023 0 767
00395.jpg 0 1023 0 767
01128.jpg 0 846 36 671
00172.jpg 0 1023 0 767
02090.jpg 0 682 255 768
01120.jpg 58 965 0 679
00863.jpg 0 955 153 870
00311.jpg 0 1023 0 767
01070.jpg 36 763 0 544
00141.jpg 0 682 255 768
00366.jpg 0 1023 0 767
00107.jpg 0 682 255 768
00935.jpg 0 1023 0 767
02464.jpg 0 941 158 865
00867.jpg 0 847 65 702
02359.jpg 0 767 223 800
00632.jpg 56 967 0 682
02511.jpg 56 967 0 682
02259.jpg 51 903 0 639
02393.jpg 0 682 317 830
00102.jpg 0 1023 0 767
00706.jpg 0 1023 0 767
00978.jpg 0 743 102 660
02165.jpg 0 1023 0 767
02600.jpg 0 935 160 863
01054.jpg 0 1023 0 767
00996.jpg 97 1023 36 731
00166.jpg 0 682 255 768
00211.jpg 205 959 196 763
02384.jpg 0 959 119 840
02032.jpg 0 965 120 845
00417.jpg 0 1023 0 767
00155.jpg 66 832 0 574
00554.jpg 0 1023 127 896
00993.jpg 0 1023 0 767
00189.jpg 0 1004 7 760
00218.jpg 0 767 223 800
02453.jpg 58 949 0 668
01036.jpg 0 1023 0 767
00205.jpg 0 1023 0 767
00212.jpg 0 1023 0 767
00330.jpg 0 677 257 766
02232.jpg 56 967 0 682
01247.jpg 0 826 31 652
00678.jpg 0 773 93 674
00637.jpg 57 966 0 681
01124.jpg 44 755 0 532
02443.jpg 0 1023 0 767
02306.jpg 55 944 0 666
02424.jpg 0 1023 0 767
02053.jpg 57 967 0 682
00335.jpg 0 1023 0 767
01085.jpg 0 781 18 604
02580.jpg 0 682 208 721
00584.jpg 0 1023 0 767
01027.jpg 0 908 139 820
02057.jpg 0 960 151 872
00813.jpg 0 1023 0 767
02542.jpg 0 682 255 768
00893.jpg 34 989 0 716
02028.jpg 0 916 168 855
00601.jpg 0 1023 0 767
00593.jpg 88 935 0 635
00480.jpg 24 999 0 730
00622.jpg 0 959 119 840
00198.jpg 0 1023 0 767
02063.jpg 0 811 35 646
00067.jpg 0 755 100 667
00495.jpg 0 1023 0 767
00652.jpg 0 1023 0 767
02019.jpg 56 967 0 682
00420.jpg 0 959 119 840
00848.jpg 13 1010 0 747
02355.jpg 0 1023 0 767
02329.jpg 24 999 0 730
00371.jpg 0 1024 0 768
02089.jpg 30 937 0 680
02046.jpg 0 1023 0 767
02534.jpg 0 654 266 757
00512.jpg 0 915 40 727
00836.jpg 0 1023 0 767
01002.jpg 25 945 0 689
01133.jpg 60 963 0 677
00372.jpg 0 531 40 439
00347.jpg 0 1023 127 896
02223.jpg 1 913 0 683
02406.jpg 0 1007 133 890
00636.jpg 57 966 0 681
02405.jpg 57 967 0 682
00263.jpg 0 959 119 840
02013.jpg 0 939 31 736
00788.jpg 0 921 38 729
01097.jpg 0 926 61 757
00200.jpg 0 1023 0 767
00673.jpg 0 1023 0 767
02218.jpg 56 967 0 682
02166.jpg 0 935 49 752
00087.jpg 0 677 257 766
02543.jpg 58 961 0 677
01007.jpg 0 1023 0 767
00947.jpg 0 940 62 768
00357.jpg 0 806 58 664
00354.jpg 0 901 45 722
00428.jpg 0 790 215 808
00007.jpg 0 1023 0 767
02003.jpg 0 681 256 767
02030.jpg 0 1023 127 896
00171.jpg 0 1023 83 852
00160.jpg 0 959 119 840
00744.jpg 0 959 119 840
00640.jpg 0 1003 7 760
00400.jpg 0 982 15 752
01022.jpg 0 1023 0 767
02224.jpg 0 959 119 840
02310.jpg 0 1023 0 767
02064.jpg 0 680 256 767
00431.jpg 0 645 269 754
01211.jpg 0 1023 25 793
02419.jpg 56 967 0 682
02351.jpg 0 903 62 740
00100.jpg 0 654 164 655
00086.jpg 0 1023 127 896
02495.jpg 0 883 180 843
01218.jpg 0 924 0 692
00735.jpg 0 1010 4 763
00346.jpg 0 1023 0 767
01240.jpg 87 929 0 631
02575.jpg 0 1023 0 767
00818.jpg 0 683 255 768
02239.jpg 29 994 0 723
02567.jpg 0 699 249 774
02058.jpg 0 818 204 819
01158.jpg 62 961 0 674
00204.jpg 0 1023 0 767
02438.jpg 0 682 255 768
00840.jpg 0 1023 0 767
00541.jpg 0 1023 0 767
02201.jpg 0 1023 127 896
02296.jpg 56 966 0 682
01102.jpg 0 680 256 767
02555.jpg 0 767 223 800
00234.jpg 0 1023 0 767
00612.jpg 0 1023 0 767
01026.jpg 0 1023 0 767
00909.jpg 0 1023 0 767
00865.jpg 104 1023 38 729
00249.jpg 0 767 223 800
00698.jpg 0 794 85 682
00080.jpg 0 1022 128 895
00408.jpg 0 981 15 752
00590.jpg 0 1023 0 767
02313.jpg 0 827 76 698
00496.jpg 0 1023 55 823
02283.jpg 0 682 255 768
01174.jpg 0 666 249 750
02095.jpg 0 713 244 779
02241.jpg 0 1023 0 767
02597.jpg 0 875 183 840
02293.jpg 0 785 46 636
00339.jpg 0 1023 0 767
01114.jpg 0 767 223 800
00826.jpg 0 1023 0 767
02538.jpg 0 736 133 685
00763.jpg 0 1017 80 844
02209.jpg 0 812 35 645
00927.jpg 0 1023 0 767
01213.jpg 0 1023 96 865
00591.jpg 0 1023 0 767
02093.jpg 56 967 0 682
02126.jpg 56 964 0 681
02428.jpg 0 1023 0 767
00997.jpg 0 981 15 752
00805.jpg 0 682 255 768
01199.jpg 0 899 112 787
00828.jpg 0 970 19 748
00054.jpg 0 677 257 766
02599.jpg 12 919 0 679
00587.jpg 0 1023 0 767
01008.jpg 0 767 223 800
00020.jpg 0 1023 0 767
02353.jpg 0 532 200 599
00130.jpg 0 1023 0 767
01130.jpg 0 1023 127 896
02101.jpg 108 915 0 605
02314.jpg 0 1023 25 793
00381.jpg 0 1023 0 767
02500.jpg 0 909 74 756
00351.jpg 0 1023 0 767
02261.jpg 0 682 255 768
00070.jpg 0 1023 0 767
01204.jpg 0 1023 124 893
00691.jpg 0 914 40 727
01226.jpg 0 1023 127 896
00135.jpg 0 765 224 799
00646.jpg 0 683 255 768
00154.jpg 0 1023 0 767
00125.jpg 0 867 58 709
00148.jpg 0 1005 6 761
00468.jpg 0 996 10 757
02242.jpg 0 767 223 800
00804.jpg 0 1022 0 767
00615.jpg 0 859 0 644
00241.jpg 49 813 0 573
01092.jpg 51 972 0 690
01227.jpg 0 1023 127 896
00596.jpg 108 1023 40 727
00411.jpg 0 719 89 630
00319.jpg 0 1023 127 896
02601.jpg 0 682 255 768
00239.jpg 0 982 15 752
02119.jpg 55 964 0 681
01126.jpg 0 610 223 682
00329.jpg 0 999 104 854
00847.jpg 0 767 223 800
02623.jpg 56 967 0 682
00030.jpg 0 1023 0 767
02509.jpg 56 967 0 683
00472.jpg 0 1023 127 896
01064.jpg 56 967 0 682
01154.jpg 0 876 13 671
02374.jpg 0 1023 0 767
02308.jpg 0 1023 127 896
00288.jpg 0 1023 0 767
02278.jpg 56 967 0 683
02161.jpg 0 735 235 788
02103.jpg 0 682 255 768
01090.jpg 86 937 0 637
01020.jpg 0 1023 0 767
02219.jpg 58 965 0 679
00023.jpg 0 659 212 707
00485.jpg 0 1023 0 767
02609.jpg 9 919 0 682
02017.jpg 0 1023 0 767
00082.jpg 0 959 119 840
02524.jpg 0 1023 25 793
02326.jpg 0 666 249 750
00950.jpg 0 1023 0 767
00223.jpg 0 913 41 726
01183.jpg 0 792 95 689
00687.jpg 11 1023 4 763
02605.jpg 0 793 43 638
02015.jpg 0 792 86 681
02222.jpg 0 1023 0 767
01050.jpg 0 1023 0 767
00634.jpg 0 1023 0 767
01164.jpg 40 950 0 682
02062.jpg 0 788 216 807
02446.jpg 29 940 0 682
00145.jpg 0 1012 4 763
02248.jpg 56 967 0 682
01219.jpg 54 969 0 685
00340.jpg 0 767 223 800
02435.jpg 128 895 0 575
01115.jpg 0 699 87 612
01019.jpg 0 767 223 800
02456.jpg 0 682 248 760
01169.jpg 56 967 0 682
00252.jpg 0 1023 0 767
02009.jpg 0 1023 0 767
00859.jpg 0 770 222 801
01121.jpg 40 983 0 707
01194.jpg 56 967 0 682
02398.jpg 0 1023 25 793
02226.jpg 0 767 223 800
02626.jpg 0 682 255 768
02498.jpg 0 769 223 800
00355.jpg 0 1023 48 816
00117.jpg 0 1023 0 767
00699.jpg 0 1023 0 767
02213.jpg 0 1023 0 767
01071.jpg 60 939 0 658
02450.jpg 0 954 125 842
00721.jpg 0 1023 2 771
00907.jpg 0 1023 0 767
02593.jpg 32 943 0 682
00738.jpg 0 959 119 840
02338.jpg 0 1023 0 767
00013.jpg 58 965 0 680
00939.jpg 0 767 223 800
00039.jpg 0 1023 0 767
00918.jpg 0 1006 6 761
00688.jpg 0 904 172 851
01221.jpg 44 755 0 532
02592.jpg 0 682 255 768
02471.jpg 0 682 255 768
00835.jpg 0 1023 0 767
00465.jpg 0 718 242 781
00566.jpg 0 886 179 844
00001.jpg 0 888 50 717
00159.jpg 25 998 0 729
00800.jpg 0 1023 0 767
00532.jpg 0 977 17 750
01141.jpg 0 665 262 761
00756.jpg 0 1023 0 767
00044.jpg 0 1023 0 767
00992.jpg 0 996 10 757
00262.jpg 0 1023 0 767
00059.jpg 0 1023 0 767
01147.jpg 58 965 0 679
00150.jpg 0 893 17 687
02625.jpg 16 920 0 677
00797.jpg 0 1010 4 763
02214.jpg 0 683 255 768
00576.jpg 0 1023 0 767
01096.jpg 0 1023 101 870
00116.jpg 0 1023 0 767
02159.jpg 0 983 40 778
01001.jpg 0 1023 127 896
02071.jpg 56 967 0 682
02457.jpg 0 844 24 658
02449.jpg 0 862 188 835
00553.jpg 0 1023 0 767
00681.jpg 0 920 38 729
00323.jpg 0 914 168 855
00337.jpg 0 767 223 800
02490.jpg 60 963 0 677
02549.jpg 0 682 255 768
00527.jpg 0 938 117 821
00767.jpg 0 767 223 800
02091.jpg 0 989 38 780
00751.jpg 0 1023 0 768
00433.jpg 0 1023 0 767
02451.jpg 53 964 0 682
00153.jpg 0 1023 0 767
00727.jpg 0 1022 0 767
00435.jpg 0 893 48 719
02245.jpg 0 790 98 692
00108.jpg 0 1023 68 836
00945.jpg 0 1023 0 767
02604.jpg 0 864 17 665
02514.jpg 0 1023 127 896
01228.jpg 0 871 38 693
00749.jpg 0 767 222 799
02590.jpg 0 804 39 643
02337.jpg 44 755 0 532
02102.jpg 0 1023 23 792
00884.jpg 0 791 86 681
00780.jpg 0 1023 0 767
00754.jpg 0 933 33 734
00265.jpg 0 877 150 809
02618.jpg 14 918 0 677
02162.jpg 0 1023 127 896
02197.jpg 0 682 255 768
01040.jpg 36 952 0 686
00922.jpg 0 906 43 724
00280.jpg 0 856 190 833
00498.jpg 0 1023 0 767
00845.jpg 7 1023 2 765
01059.jpg 0 682 255 768
00193.jpg 0 1023 0 767
02036.jpg 0 1023 0 767
02022.jpg 0 1023 0 767
01043.jpg 0 959 119 840
00583.jpg 0 1023 0 767
00063.jpg 0 1023 0 767
02215.jpg 0 1023 127 896
02339.jpg 56 967 0 682
02305.jpg 60 956 0 671
00176.jpg 0 1023 0 767
02598.jpg 57 966 0 681
00856.jpg 0 1023 127 896
02272.jpg 0 1023 127 896
02025.jpg 0 1023 34 803
00619.jpg 0 1020 1 766
00860.jpg 0 682 255 768
01195.jpg 27 996 0 726
01067.jpg 0 708 0 531
02051.jpg 0 890 49 718
00482.jpg 0 959 119 840
00313.jpg 0 1023 0 767
00022.jpg 0 1023 0 767
02595.jpg 0 901 173 850
02211.jpg 0 1023 0 767
02173.jpg 0 682 255 768
01235.jpg 0 1023 25 793
00536.jpg 0 1023 127 896
00278.jpg 0 1023 127 896
00912.jpg 0 953 26 741
00810.jpg 58 965 0 680
01005.jpg 0 959 119 840
00852.jpg 0 1023 0 767
00773.jpg 0 959 119 840
00015.jpg 0 812 65 674
00379.jpg 0 1023 0 767
02481.jpg 0 1023 127 896
00890.jpg 0 891 49 718
00112.jpg 0 1023 127 896
02417.jpg 0 1023 25 794
00105.jpg 0 1023 0 767
00413.jpg 0 1023 0 767
02630.jpg 0 682 255 768
00952.jpg 0 818 204 819
00254.jpg 0 1023 0 767
02458.jpg 56 967 0 683
00310.jpg 0 1023 127 896
00297.jpg 139 1023 52 715
00478.jpg 0 682 255 768
00857.jpg 0 1023 0 767
02622.jpg 56 967 0 682
00986.jpg 0 959 119 840
01033.jpg 0 941 30 737
00488.jpg 0 1023 0 767
01039.jpg 0 1023 0 767
00424.jpg 0 1011 4 763
02587.jpg 0 747 60 622
00450.jpg 0 1023 0 767
02486.jpg 0 818 204 819
02263.jpg 40 983 0 707
02523.jpg 0 870 185 838
02050.jpg 0 890 49 718
00791.jpg 0 1023 0 767
01255.jpg 0 682 255 768
02553.jpg 0 754 228 795
01055.jpg 0 767 223 800
00333.jpg 0 959 119 840
00948.jpg 0 847 105 742
02504.jpg 0 682 255 768
00242.jpg 0 1023 0 767
02187.jpg 0 682 255 768
00231.jpg 0 767 223 800
02571.jpg 0 666 261 762
02304.jpg 0 683 255 768
00350.jpg 56 967 0 682
02544.jpg 0 1023 38 806
00663.jpg 0 1023 0 767
01108.jpg 0 682 255 768
02512.jpg 0 1023 0 767
00414.jpg 58 965 0 679
00301.jpg 0 1001 8 759
00817.jpg 0 1023 0 767
02516.jpg 0 767 223 800
02563.jpg 0 1023 0 767
00771.jpg 0 1023 0 767
00595.jpg 0 936 32 735
02540.jpg 0 1023 127 896
00384.jpg 0 959 119 840
00403.jpg 0 959 119 840
01173.jpg 41 772 0 548
00961.jpg 19 959 31 736
00573.jpg 0 767 223 800
02052.jpg 0 894 3 674
00683.jpg 0 983 14 753
02561.jpg 18 1005 0 740
02142.jpg 0 532 200 599
00477.jpg 0 1023 0 767
01068.jpg 12 901 0 666
01162.jpg 12 814 0 601
00434.jpg 0 1023 127 896
02271.jpg 0 1023 59 827
01095.jpg 56 967 0 682
00714.jpg 0 1023 127 896
02502.jpg 0 682 255 768
00500.jpg 0 767 223 800
00954.jpg 0 1023 0 767
00613.jpg 0 1023 0 767
00775.jpg 0 1023 0 767
00889.jpg 0 851 64 703
00149.jpg 0 896 47 720
02361.jpg 0 1023 0 767
00679.jpg 0 1023 0 767
01038.jpg 0 959 119 840
00167.jpg 0 1023 0 767
00990.jpg 0 1023 0 767
00469.jpg 0 1023 25 793
00104.jpg 0 993 11 756
00456.jpg 0 1023 0 767
00152.jpg 0 1023 127 896
00534.jpg 0 866 58 709
00120.jpg 0 1023 0 768
00686.jpg 0 1023 0 767
00784.jpg 0 825 74 693
02184.jpg 0 861 109 755
00656.jpg 0 1023 0 767
00470.jpg 0 959 119 840
02521.jpg 0 827 30 651
00846.jpg 0 767 261 838
00650.jpg 56 967 0 682
01042.jpg 57 966 0 681
02029.jpg 0 914 168 855
01031.jpg 0 970 19 748
02430.jpg 8 1015 0 754
02364.jpg 0 1023 25 793
00334.jpg 0 1023 0 767
00951.jpg 0 1023 0 767
00812.jpg 0 767 223 800
00790.jpg 0 911 41 726
00507.jpg 88 1023 160 863
02027.jpg 0 1023 0 767
00522.jpg 0 1023 0 767
01100.jpg 0 1023 0 767
00295.jpg 0 980 16 751
00995.jpg 76 1023 28 739
02473.jpg 21 912 0 668
00307.jpg 0 1023 127 896
00902.jpg 0 895 47 720
00002.jpg 0 1017 2 765
00332.jpg 0 1023 0 767
02440.jpg 60 964 0 678
00841.jpg 0 996 10 757
02284.jpg 0 682 259 771
01145.jpg 55 968 0 684
00374.jpg 0 959 119 840
00111.jpg 0 1023 0 767
00427.jpg 0 1023 0 767
01118.jpg 45 754 0 531
01014.jpg 66 929 0 647
01244.jpg 0 682 255 768
00290.jpg 0 959 119 840
00757.jpg 35 946 0 682
02528.jpg 0 880 181 842
00389.jpg 0 968 148 875
00066.jpg 0 712 244 779
00349.jpg 0 682 255 768
02231.jpg 0 682 255 768
00953.jpg 0 714 243 780
00605.jpg 0 762 225 798
00985.jpg 0 1023 0 767
00225.jpg 0 927 27 724
00629.jpg 0 1023 0 767
02551.jpg 56 967 0 682
01243.jpg 0 751 229 794
02088.jpg 0 1023 0 767
02099.jpg 0 706 246 777
02060.jpg 0 1023 108 877
00452.jpg 0 1008 5 762
02177.jpg 0 1023 37 806
02320.jpg 0 650 267 756
00091.jpg 0 1023 0 767
00308.jpg 0 1023 127 896
00719.jpg 0 1023 0 767
02607.jpg 0 677 257 766
00783.jpg 40 983 0 707
00368.jpg 0 1023 0 767
00739.jpg 0 550 12 426
02152.jpg 0 769 223 800
02227.jpg 0 1023 25 793
02624.jpg 56 967 0 682
00906.jpg 12 926 0 685
01065.jpg 0 1023 25 793
00851.jpg 0 1023 0 767
02183.jpg 0 1023 0 767
02185.jpg 0 681 256 767
01191.jpg 17 988 0 728
00075.jpg 0 1023 25 793
00648.jpg 0 1002 7 760
02285.jpg 0 1009 27 784
00271.jpg 0 874 13 669
02404.jpg 75 949 0 655
02522.jpg 0 818 204 819
00019.jpg 0 1023 0 767
00891.jpg 0 1023 0 767
00752.jpg 0 1023 0 767
02189.jpg 0 1023 0 767
00548.jpg 55 944 0 666
00641.jpg 0 799 99 700
00651.jpg 0 1023 0 767
00776.jpg 0 1023 0 767
00897.jpg 0 639 0 479
00633.jpg 0 806 81 686
02367.jpg 0 959 119 840
00009.jpg 0 959 119 840
01152.jpg 0 682 255 768
01056.jpg 0 958 119 839
00162.jpg 0 1023 0 767
01081.jpg 0 1023 22 791
00328.jpg 0 899 46 721
02527.jpg 0 1023 25 793
02182.jpg 0 1023 54 823
00405.jpg 0 1023 0 767
00559.jpg 0 1023 0 767
00547.jpg 37 948 0 682
00113.jpg 0 836 70 697
02238.jpg 0 682 255 768
00564.jpg 0 959 0 719
00040.jpg 0 959 119 840
00143.jpg 0 1023 0 767
00668.jpg 0 1023 25 793
00158.jpg 0 767 223 800
02421.jpg 0 1022 76 844
02373.jpg 0 841 24 655
00560.jpg 0 1023 0 767
00170.jpg 26 997 0 728
00911.jpg 0 1009 133 890
01113.jpg 0 896 5 677
00122.jpg 0 1023 0 767
02497.jpg 0 895 29 701
02179.jpg 5 980 0 731
02394.jpg 88 1022 32 734
00655.jpg 0 1023 0 767
00924.jpg 0 1023 0 767
02325.jpg 0 905 42 724
00026.jpg 0 1023 0 767
02262.jpg 56 967 0 682
02011.jpg 0 1023 0 767
00191.jpg 0 1023 55 824
02477.jpg 2 913 0 682
00419.jpg 0 1023 0 767
02045.jpg 56 967 0 682
00306.jpg 0 1023 0 766
01044.jpg 0 1023 0 767
00946.jpg 0 1023 0 767
00941.jpg 0 822 75 692
01117.jpg 0 679 256 767
00441.jpg 0 963 41 764
01179.jpg 0 749 149 712
00609.jpg 0 887 50 717
02072.jpg 0 1023 0 767
00830.jpg 0 1023 0 767
00769.jpg 0 959 122 842
01177.jpg 0 682 255 768
00543.jpg 0 767 223 800
02124.jpg 0 899 22 697
00101.jpg 56 967 0 682
00879.jpg 0 1023 0 767
02546.jpg 0 767 223 800
02617.jpg 56 967 0 682
00894.jpg 0 1023 0 767
01253.jpg 0 1023 0 767
00233.jpg 0 926 36 731
00657.jpg 0 959 119 840
02556.jpg 0 763 225 798
00561.jpg 0 959 119 840
00722.jpg 0 1023 0 767
01223.jpg 1 984 0 737
02370.jpg 24 824 0 599
02413.jpg 0 901 172 850
02081.jpg 0 682 255 768
02155.jpg 0 1023 25 793
00792.jpg 12 995 0 736
00286.jpg 0 919 166 857
02629.jpg 0 598 287 736
00716.jpg 0 1023 0 767
02392.jpg 19 1004 0 738
02198.jpg 56 967 0 682
00936.jpg 0 1023 0 767
00569.jpg 22 934 0 683
02040.jpg 0 1023 0 767
02180.jpg 0 974 18 749
02005.jpg 0 944 157 866
00446.jpg 57 966 0 681
02496.jpg 0 682 255 768
02331.jpg 0 680 256 767
02269.jpg 0 858 189 834
00187.jpg 0 713 73 609
02076.jpg 0 767 223 800
01089.jpg 37 948 0 682
00180.jpg 117 885 0 575
00202.jpg 11 892 0 660
00375.jpg 0 899 112 787
02460.jpg 56 967 0 683
02357.jpg 58 965 0 679
00024.jpg 44 979 0 700
00517.jpg 0 1023 0 767
00614.jpg 0 1023 0 767
00696.jpg 0 1023 0 767
00418.jpg 0 1023 0 767
01098.jpg 0 682 255 768
02559.jpg 0 682 255 768
00523.jpg 0 1023 0 767
01129.jpg 0 1020 97 863
02579.jpg 0 888 178 845
02489.jpg 58 965 0 679
01241.jpg 0 1023 17 786
00589.jpg 0 882 52 715
00789.jpg 59 964 0 678
01222.jpg 0 808 16 623
00710.jpg 0 928 35 732
00230.jpg 0 682 255 768
00662.jpg 0 767 223 800
02519.jpg 0 838 37 666
01142.jpg 0 666 249 750
01047.jpg 72 951 0 658
00659.jpg 0 730 237 786
00287.jpg 0 1023 0 767
00029.jpg 0 877 10 668
02234.jpg 0 682 255 768
00110.jpg 0 926 36 731
00599.jpg 0 1002 33 785
01023.jpg 0 1023 0 767
00864.jpg 0 1023 0 767
00123.jpg 0 682 255 768
02418.jpg 0 731 66 616
01035.jpg 0 1023 0 767
00766.jpg 215 1023 80 687
00004.jpg 0 1023 127 896
01165.jpg 0 682 255 768
00674.jpg 0 1023 0 767
00872.jpg 0 1019 1 766
02432.jpg 0 1023 0 767
00268.jpg 0 1023 0 767
00325.jpg 0 1023 0 767
02265.jpg 0 734 65 617
02286.jpg 0 1023 0 767
02632.jpg 58 965 0 679
02462.jpg 0 698 248 773
00364.jpg 0 1023 0 767
02135.jpg 32 785 0 564
00964.jpg 0 1023 2 771
00215.jpg 0 1023 127 896
00481.jpg 0 1023 0 767
01063.jpg 0 767 223 800
01106.jpg 35 775 0 555
00197.jpg 0 1023 25 793
02503.jpg 0 836 70 697
00572.jpg 0 744 232 791
00436.jpg 0 965 21 746
02437.jpg 0 767 223 800
02168.jpg 56 967 0 682
02414.jpg 0 682 255 768
01087.jpg 9 1014 0 753
00920.jpg 0 767 223 800
00151.jpg 0 1023 127 896
01230.jpg 58 965 0 680
00356.jpg 0 1023 25 793
00998.jpg 66 933 0 649
00139.jpg 0 803 141 745
00513.jpg 0 943 125 834
02024.jpg 24 1023 8 759
00031.jpg 0 1023 0 767
01060.jpg 0 669 132 635
00161.jpg 0 959 119 840
02360.jpg 0 665 92 591
00208.jpg 0 767 223 800
02340.jpg 56 967 0 682
02253.jpg 56 967 0 682
01083.jpg 55 944 0 666
02344.jpg 0 677 257 766
02129.jpg 0 683 255 768
00089.jpg 20 781 0 570
01153.jpg 0 799 99 700
00492.jpg 0 1014 3 764
01144.jpg 21 688 0 499
02480.jpg 0 681 256 767
00315.jpg 0 1023 0 767
00444.jpg 0 941 30 737
02379.jpg 0 1023 127 896
00575.jpg 29 1023 10 757
02332.jpg 0 682 255 768
02120.jpg 0 1023 0 767
00068.jpg 0 1023 0 767
00016.jpg 9 917 0 680
02216.jpg 0 770 222 801
02067.jpg 0 1023 127 896
00392.jpg 0 1023 0 767
00462.jpg 0 868 73 725
00704.jpg 0 990 140 883
00624.jpg 0 1023 0 767
00510.jpg 0 1023 0 767
00929.jpg 0 1023 0 767
01088.jpg 24 999 0 730
02244.jpg 0 684 255 768
00770.jpg 0 810 62 670
02228.jpg 0 679 256 767
00047.jpg 0 1023 104 873
02513.jpg 0 767 223 800
02485.jpg 0 763 78 652
00975.jpg 0 956 0 716
02122.jpg 0 1023 25 793
02352.jpg 0 682 255 768
02362.jpg 77 766 187 706
00824.jpg 0 640 127 608
00883.jpg 0 1023 0 767
01188.jpg 54 969 0 686
00772.jpg 0 1023 0 767
00923.jpg 0 1023 127 896
01123.jpg 0 705 247 776
01150.jpg 58 965 0 679
01167.jpg 11 892 0 660
00474.jpg 0 767 223 800
01193.jpg 0 1023 127 896
02452.jpg 0 959 119 840
00410.jpg 0 1023 0 767
02515.jpg 0 681 256 767
01061.jpg 0 984 14 753
02537.jpg 0 981 15 752
00181.jpg 0 1023 0 767
00133.jpg 0 1023 0 767
00192.jpg 0 1023 0 767
00807.jpg 0 936 32 735
00103.jpg 0 1023 0 767
00809.jpg 0 665 91 591
00074.jpg 0 1023 0 767
02316.jpg 56 967 0 682
02070.jpg 0 1023 0 767
00781.jpg 23 927 0 678
00483.jpg 0 895 47 720
01072.jpg 44 755 0 532
00832.jpg 42 1023 15 752
00270.jpg 0 850 64 703
00577.jpg 0 916 40 727
00119.jpg 44 979 0 701
00324.jpg 0 1023 0 767
02110.jpg 0 1023 0 767
00065.jpg 0 1023 0 767
00963.jpg 0 683 255 768
00282.jpg 0 1023 0 767
00834.jpg 0 677 257 766
00062.jpg 0 1023 127 896
02282.jpg 0 1023 0 767
00542.jpg 0 902 45 722
01078.jpg 26 997 0 728
01028.jpg 0 1023 0 767
00393.jpg 0 1023 0 767
00106.jpg 0 1015 2 765
00380.jpg 0 1023 0 767
00944.jpg 0 1023 0 767
00303.jpg 0 682 255 768
02545.jpg 0 921 18 709
00504.jpg 0 954 23 740
00442.jpg 0 872 184 839
00705.jpg 0 830 72 695
02612.jpg 0 1023 0 767
00259.jpg 0 680 256 767
00064.jpg 0 891 177 846
02008.jpg 0 1023 0 767
00425.jpg 0 767 223 800
02526.jpg 5 912 0 680
01216.jpg 0 1023 127 896
01111.jpg 48 975 0 694
01182.jpg 0 749 149 712
00892.jpg 0 959 119 840
00010.jpg 0 1023 0 767
02611.jpg 0 682 255 768
00937.jpg 0 1023 0 767
01205.jpg 0 947 72 783
00213.jpg 0 753 0 566
00057.jpg 0 767 223 800
00758.jpg 0 1023 0 767
02375.jpg 0 677 257 766
02079.jpg 0 682 255 768
00694.jpg 0 959 119 840
00567.jpg 0 1023 0 767
00365.jpg 0 994 10 757
02073.jpg 48 958 0 682
00921.jpg 0 983 14 753
02447.jpg 33 1023 12 755
00373.jpg 0 1023 0 767
00748.jpg 0 988 13 754
00467.jpg 0 822 69 687
02014.jpg 0 682 255 768
02207.jpg 0 693 80 600
00785.jpg 0 820 76 691
00574.jpg 0 1023 0 767
00931.jpg 0 1023 127 896
00033.jpg 0 1023 0 767
00578.jpg 0 1023 0 767
00588.jpg 0 1023 0 767
00664.jpg 0 1023 0 767
00293.jpg 0 767 223 800
02156.jpg 0 682 255 768
01045.jpg 0 1017 2 765
02535.jpg 14 903 0 666
00581.jpg 56 967 0 682
00421.jpg 0 1023 0 767
02049.jpg 0 674 196 703
02240.jpg 0 682 255 768
01116.jpg 0 752 229 794
00142.jpg 0 1023 0 767
00926.jpg 0 782 218 805
01168.jpg 0 845 39 674
00594.jpg 0 959 119 840
00959.jpg 0 1023 0 767
00284.jpg 0 1023 0 767
00209.jpg 53 906 0 639
02016.jpg 0 1023 0 767
02158.jpg 0 730 237 786
00214.jpg 0 1023 0 767
01245.jpg 0 900 3 678
02420.jpg 0 1023 100 869
01233.jpg 0 984 40 779
00236.jpg 125 1023 46 721
00607.jpg 0 1023 0 767
02425.jpg 0 804 38 641
00221.jpg 19 927 0 680
00454.jpg 0 1023 0 767
00246.jpg 0 1023 90 858
01079.jpg 0 1023 107 875
00083.jpg 0 1023 0 767
02169.jpg 0 826 75 696
00138.jpg 0 1023 0 767
02054.jpg 56 967 0 682
00726.jpg 12 1011 0 749
00665.jpg 124 1023 46 721
00344.jpg 0 1023 0 767
00455.jpg 0 946 156 867
00552.jpg 0 1023 0 767
00631.jpg 0 999 0 749
00858.jpg 0 1023 0 767
00409.jpg 19 999 132 867
02069.jpg 0 959 119 840
02536.jpg 0 883 1 665
00345.jpg 0 1023 0 767
02247.jpg 0 677 257 766
00464.jpg 0 1023 0 767
00003.jpg 0 1023 127 896
00653.jpg 0 961 23 744
00900.jpg 0 963 22 745
02403.jpg 0 959 119 840
00463.jpg 0 700 249 774
00582.jpg 0 952 26 741
01163.jpg 0 1023 127 896
00734.jpg 0 767 223 800
02478.jpg 37 944 0 679
00466.jpg 0 767 223 800
00545.jpg 60 963 0 677
00501.jpg 0 770 222 801
00533.jpg 0 767 223 800
00831.jpg 0 1023 0 767
02294.jpg 0 1023 127 896
02023.jpg 0 969 20 747
02205.jpg 56 967 0 683
02372.jpg 56 967 0 683
00035.jpg 0 959 119 840
00302.jpg 0 1023 0 767
02409.jpg 0 959 119 840
00539.jpg 0 1023 0 767
02365.jpg 0 998 136 885
02330.jpg 20 958 126 832
00494.jpg 0 952 26 741
01237.jpg 53 955 0 676
02154.jpg 0 1023 17 785
00219.jpg 0 1023 0 767
02309.jpg 58 965 0 679
00437.jpg 0 767 223 800
01224.jpg 0 721 241 782
00314.jpg 0 1023 0 767
00479.jpg 0 1023 0 767
02621.jpg 23 911 0 666
01132.jpg 58 965 0 679
00635.jpg 0 869 185 838
02004.jpg 0 1023 96 865
00725.jpg 0 737 235 788
02395.jpg 0 1023 0 767
00562.jpg 0 959 119 840
00611.jpg 0 767 223 800
00438.jpg 0 1023 0 767
02547.jpg 0 1023 0 767
02044.jpg 0 805 106 711
02411.jpg 56 967 0 682
02400.jpg 0 1023 25 793
00164.jpg 0 803 83 687
00988.jpg 0 983 14 753
00422.jpg 0 1023 0 767
00451.jpg 0 944 29 738
02206.jpg 56 967 0 683
00305.jpg 0 959 119 840
01112.jpg 0 649 10 498
00097.jpg 0 1023 0 767
00046.jpg 0 1023 0 767
00627.jpg 0 1023 0 767
00012.jpg 0 1023 57 825
02125.jpg 56 967 0 682
00006.jpg 0 959 119 840
00717.jpg 0 942 45 753
01187.jpg 0 670 260 763
01074.jpg 0 820 25 641
02336.jpg 0 933 161 862
00050.jpg 0 1023 0 767
01234.jpg 0 942 158 865
00476.jpg 0 1023 0 767
00275.jpg 0 682 255 768
00224.jpg 0 682 255 768
02114.jpg 0 1023 0 767
00361.jpg 0 682 255 768
02346.jpg 28 995 0 725
02176.jpg 0 1023 127 896
00693.jpg 0 767 223 800
00620.jpg 0 989 12 755
02474.jpg 0 718 71 610
00743.jpg 56 967 0 682
00186.jpg 0 1023 0 767
00514.jpg 0 867 58 709
01232.jpg 58 965 0 680
00917.jpg 0 1023 0 767
00518.jpg 0 1023 0 767
00843.jpg 0 1023 0 767
02275.jpg 0 682 255 768
02250.jpg 0 1023 0 767
00406.jpg 0 1015 2 765
00667.jpg 0 1023 0 767
00348.jpg 0 863 107 756
02614.jpg 0 1023 40 808
02194.jpg 0 684 255 768
02007.jpg 0 1023 0 767
02483.jpg 0 937 14 717
00184.jpg 0 1023 127 896
00728.jpg 0 1023 0 767
02257.jpg 0 1023 0 767
02620.jpg 1 911 0 682
02426.jpg 0 1023 17 786
02475.jpg 0 818 204 819
00244.jpg 0 909 113 796
00639.jpg 0 851 0 638
02236.jpg 0 716 243 780
00630.jpg 0 1023 0 767
00733.jpg 0 796 213 810
02383.jpg 0 683 255 768
00529.jpg 0 911 41 726
02586.jpg 0 818 204 819
00786.jpg 0 825 74 693
02113.jpg 0 682 255 768
00899.jpg 0 959 119 840
00458.jpg 0 639 0 479
02012.jpg 0 1023 0 767
02631.jpg 0 682 255 768
00968.jpg 0 1023 0 767
00660.jpg 0 1023 0 767
00299.jpg 0 682 255 768
02037.jpg 0 1023 0 767
00385.jpg 0 945 29 738
01077.jpg 0 1023 75 844
02508.jpg 0 682 255 768
01099.jpg 0 610 296 755
00910.jpg 0 810 207 816
00129.jpg 0 1023 0 767
00327.jpg 0 957 53 772
00382.jpg 0 767 223 800
01018.jpg 0 1023 25 793
00803.jpg 0 1023 0 767
00398.jpg 128 895 0 575
02260.jpg 0 707 23 554
00045.jpg 0 1023 0 767
02128.jpg 0 681 256 767
00795.jpg 0 767 223 800
02520.jpg 0 770 118 699
02031.jpg 0 921 38 729
00680.jpg 56 967 0 682
00839.jpg 0 1023 0 767
00163.jpg 0 1023 0 767
02171.jpg 0 1023 127 896
00645.jpg 0 767 223 800
02280.jpg 0 873 13 669
02327.jpg 0 750 268 832
00128.jpg 0 1023 0 767
02144.jpg 56 967 0 683
00880.jpg 0 1023 0 767
00530.jpg 0 767 223 800
00855.jpg 0 949 155 868
00970.jpg 0 767 223 800
02311.jpg 0 682 255 768
00528.jpg 0 1023 0 767
02366.jpg 0 755 55 622
00585.jpg 15 1008 0 744
02107.jpg 56 967 0 682
02349.jpg 0 706 246 777
00689.jpg 0 1023 0 767
02018.jpg 0 854 63 704
00877.jpg 0 1024 27 796
02175.jpg 0 923 165 858
02354.jpg 7 910 0 677
02506.jpg 56 967 0 682
00051.jpg 0 1013 3 764
00237.jpg 0 1019 1 766
01161.jpg 0 796 51 649
02230.jpg 0 912 156 841
01101.jpg 38 861 0 616
01086.jpg 0 1023 101 870
00976.jpg 0 1023 127 896
00991.jpg 0 767 223 800
00358.jpg 51 972 0 690
00312.jpg 0 1023 127 896
02020.jpg 0 1023 0 767
00516.jpg 0 951 26 741
00326.jpg 0 848 65 702
00243.jpg 0 780 91 676
00194.jpg 0 919 38 729
02566.jpg 44 979 0 700
01156.jpg 40 679 0 479
00094.jpg 0 1023 0 767
00253.jpg 0 1023 0 767
02560.jpg 56 967 0 683
02382.jpg 0 1023 127 896
02381.jpg 44 755 0 533
00401.jpg 0 1023 0 767
00616.jpg 0 784 217 806
00196.jpg 56 967 0 683
00761.jpg 0 1023 0 767
00489.jpg 0 898 46 721
00448.jpg 0 1023 0 767
00179.jpg 0 1023 0 767
00124.jpg 0 1023 0 767
01149.jpg 5 959 0 715
02401.jpg 35 988 0 714
01231.jpg 0 899 2 678
00511.jpg 0 1023 127 896
01125.jpg 0 830 7 630
02056.jpg 56 967 0 682
00505.jpg 0 1023 127 896
00210.jpg 0 1023 4 773
00989.jpg 0 927 35 732
02279.jpg 0 831 29 653
02083.jpg 0 1023 0 767
00623.jpg 0 1023 0 767
02178.jpg 0 659 264 759
00169.jpg 0 1023 0 767
01207.jpg 56 967 0 682
01015.jpg 0 1023 0 767
00011.jpg 25 1023 9 758
02127.jpg 57 966 0 681
00868.jpg 0 904 44 723
00796.jpg 0 767 223 800
00765.jpg 0 971 19 748
02274.jpg 56 967 0 682
01203.jpg 0 682 255 768
00077.jpg 0 682 255 768
00544.jpg 0 767 223 800
02517.jpg 0 788 92 683
00226.jpg 0 959 119 840
02217.jpg 0 1023 60 829
00932.jpg 0 1008 5 762
00586.jpg 0 1023 0 767
01210.jpg 0 999 11 761
01021.jpg 0 767 223 800
02317.jpg 0 959 119 840
00697.jpg 0 767 223 800
02299.jpg 56 967 0 682
00292.jpg 0 1023 33 801
00802.jpg 0 935 32 735
00294.jpg 9 1023 30 791
01140.jpg 44 755 0 532
02220.jpg 0 742 62 619
01238.jpg 0 882 110 772
00740.jpg 0 959 119 840
00904.jpg 45 877 0 624
00137.jpg 0 1023 0 767
02210.jpg 0 683 255 768
00279.jpg 0 679 256 767
00709.jpg 0 856 94 736
02468.jpg 0 936 160 863
02268.jpg 0 920 166 857
02077.jpg 0 1023 127 896
00397.jpg 0 899 54 729
02118.jpg 0 682 255 768
00604.jpg 0 1023 0 767
02266.jpg 0 913 168 854
00079.jpg 0 682 255 768
01249.jpg 0 991 139 884
01185.jpg 0 906 69 749
00049.jpg 0 818 204 819
02333.jpg 0 1023 107 876
00515.jpg 0 1023 0 767
00429.jpg 0 999 8 759
02389.jpg 26 997 0 728
02459.jpg 0 682 255 768
00475.jpg 9 877 58 709
00666.jpg 0 1023 0 767
01119.jpg 0 928 163 860
00625.jpg 0 1023 0 767
01208.jpg 0 1023 127 896
00027.jpg 0 1023 0 767
00557.jpg 0 1023 127 896
00626.jpg 0 917 39 728
02342.jpg 0 846 194 829
00042.jpg 0 1023 0 767
00720.jpg 0 1023 0 767
00014.jpg 116 1023 43 724
00862.jpg 0 767 223 800
02341.jpg 59 964 0 678
00745.jpg 0 1023 0 767
00598.jpg 35 917 10 673
01093.jpg 0 940 122 828
01016.jpg 0 1023 0 767
02078.jpg 0 874 183 839
01003.jpg 0 865 59 708
02289.jpg 0 1023 0 767
02117.jpg 0 858 19 664
01066.jpg 36 603 0 425
00363.jpg 0 1023 0 767
02192.jpg 70 953 0 662
00969.jpg 0 1023 0 767
00760.jpg 0 979 26 762
00550.jpg 0 724 240 783
01104.jpg 0 1023 64 832
00060.jpg 0 1023 0 767
02479.jpg 0 682 255 768
02572.jpg 0 1023 127 896
02170.jpg 0 924 35 731
02264.jpg 0 847 64 702
02627.jpg 0 648 268 755
00034.jpg 0 1023 0 767
00439.jpg 0 1023 0 767
00378.jpg 0 1023 0 767
02363.jpg 0 1023 18 787
00984.jpg 0 1023 0 767
02001.jpg 0 1023 123 892
01239.jpg 0 1023 93 862
00387.jpg 0 1023 0 767
02380.jpg 0 1023 0 767
00175.jpg 0 1023 0 767
02086.jpg 0 794 42 639
00885.jpg 0 1023 0 767
02138.jpg 0 959 119 840
02292.jpg 0 682 255 768
02112.jpg 0 999 24 775
00649.jpg 40 950 0 682
00919.jpg 111 1023 41 726
00321.jpg 0 1023 0 767
00597.jpg 0 987 13 754
02615.jpg 17 1006 0 741
00999.jpg 0 904 44 723
01155.jpg 0 726 239 784
02136.jpg 0 599 224 675
00503.jpg 10 921 0 682
01171.jpg 46 785 0 554
00938.jpg 0 1023 0 767
00821.jpg 0 959 119 840
00676.jpg 0 1023 0 767
00447.jpg 0 1023 0 767
00076.jpg 0 1023 0 767
00199.jpg 19 930 0 682
00556.jpg 242 1023 90 677
01215.jpg 0 679 256 767
00870.jpg 0 1023 0 767
02041.jpg 0 1023 0 767
00178.jpg 0 1023 0 767
00876.jpg 0 959 23 744
01229.jpg 0 884 8 672
00943.jpg 0 926 36 731
00336.jpg 0 1023 0 767
00520.jpg 0 1023 127 896
00276.jpg 0 1023 0 767
02200.jpg 0 1023 0 767
00750.jpg 149 1023 55 712
02518.jpg 0 959 119 840
00690.jpg 0 953 26 741
01200.jpg 0 682 255 768
01053.jpg 0 682 255 768
02043.jpg 0 933 33 734
01046.jpg 0 767 240 816
01110.jpg 6 917 0 682
02291.jpg 0 959 119 840
00109.jpg 0 1023 0 767
02429.jpg 0 1023 0 767
00255.jpg 0 767 223 800
00568.jpg 0 1023 0 767
00787.jpg 0 1023 0 767
02541.jpg 83 940 0 642
00440.jpg 0 767 223 800
01075.jpg 56 967 0 682
02445.jpg 0 881 10 672
00579.jpg 0 746 231 792
00806.jpg 0 1023 0 767
00531.jpg 0 1023 0 767
01186.jpg 0 920 64 754
01057.jpg 0 1023 0 767
00369.jpg 0 1023 78 846
02256.jpg 56 967 0 682
01172.jpg 28 938 0 682
00021.jpg 0 1023 0 767
00285.jpg 30 939 0 681
00506.jpg 0 877 54 713
01006.jpg 0 1023 0 767
02221.jpg 56 967 0 683
02482.jpg 0 677 257 766
00672.jpg 0 1023 0 767
00376.jpg 0 1023 0 767
00289.jpg 30 958 0 696
02415.jpg 58 965 0 680
00661.jpg 0 1023 0 767
00269.jpg 3 1023 129 894
00304.jpg 12 922 0 682
00017.jpg 44 951 0 680
00723.jpg 0 897 47 720
00038.jpg 0 1023 0 767
01214.jpg 0 682 255 768
01225.jpg 50 973 0 692
00272.jpg 0 1023 0 767
00008.jpg 0 962 22 745
00955.jpg 0 1023 0 767
00677.jpg 0 1023 0 767
01252.jpg 0 1023 127 896
01217.jpg 0 1023 0 767
01073.jpg 0 1023 25 793
00217.jpg 48 975 0 695
01201.jpg 0 767 18 595
00617.jpg 0 1023 0 767
02140.jpg 0 959 119 840
02470.jpg 0 682 255 768
00958.jpg 0 1023 0 767
00669.jpg 0 767 223 800
02578.jpg 0 1023 127 896
00718.jpg 0 936 160 863
02167.jpg 0 897 4 678
00090.jpg 0 1023 127 896
02097.jpg 0 872 121 776
00360.jpg 0 1023 26 795
02068.jpg 0 767 223 800
00298.jpg 0 924 37 730
00388.jpg 0 767 223 800
01136.jpg 0 946 54 764
00808.jpg 0 1023 0 767
00061.jpg 0 1023 0 767
02564.jpg 0 668 261 762
02208.jpg 0 656 265 758
00801.jpg 0 1023 0 767
01138.jpg 0 1023 127 896
02098.jpg 0 877 182 841
00878.jpg 0 894 48 719
02087.jpg 0 682 255 768
01009.jpg 0 959 119 840
00965.jpg 0 843 67 700
01236.jpg 0 499 15 390
01052.jpg 0 961 23 744
00524.jpg 0 798 84 683
00071.jpg 0 1023 0 767
01041.jpg 0 1023 0 767
01082.jpg 24 999 0 731
00132.jpg 0 1023 0 767
00974.jpg 0 1023 0 767
01137.jpg 10 1013 0 752
01076.jpg 27 996 0 726
02530.jpg 0 956 153 870
02391.jpg 0 806 154 759
00799.jpg 60 963 0 677
00956.jpg 0 1023 0 767
00264.jpg 0 1023 0 767
00229.jpg 52 971 0 689
02487.jpg 0 677 257 766
02467.jpg 29 994 0 723
01190.jpg 26 997 0 728
01220.jpg 50 849 0 599
00274.jpg 0 1023 127 896
00362.jpg 0 959 119 840
01254.jpg 0 767 223 800
01196.jpg 48 797 0 561
00708.jpg 0 1023 0 767
00069.jpg 0 1023 0 767
02010.jpg 0 1023 0 767
00551.jpg 0 1023 0 767
02035.jpg 60 1023 22 745
00610.jpg 0 1023 0 767
00490.jpg 0 999 0 749
00484.jpg 0 767 223 800
00827.jpg 0 879 181 842
02585.jpg 0 654 266 757
02582.jpg 0 959 119 840
02034.jpg 57 966 0 681
00309.jpg 0 1023 0 767
00509.jpg 0 767 223 800
02376.jpg 64 974 0 682
00430.jpg 0 1023 0 767
01170.jpg 0 999 0 749
00201.jpg 0 678 257 766
00300.jpg 0 1023 0 767
00168.jpg 0 1023 0 767
01058.jpg 0 814 206 817
00157.jpg 0 766 224 799
02507.jpg 0 775 49 632
00245.jpg 0 1023 5 774
01202.jpg 53 906 0 639
01159.jpg 0 703 185 714
02324.jpg 0 697 123 647
00134.jpg 0 1023 0 767
00118.jpg 0 1023 0 767
00240.jpg 55 944 0 666
02115.jpg 57 967 0 682
02494.jpg 36 987 0 713
00519.jpg 0 1023 42 811
00377.jpg 0 960 23 744
02132.jpg 0 796 42 640
02133.jpg 0 682 255 768
00320.jpg 0 1023 0 767
01248.jpg 29 941 0 683
00491.jpg 0 767 223 800
00960.jpg 0 1023 0 767
00987.jpg 0 891 49 718
02108.jpg 0 1023 0 767
02297.jpg 0 1023 0 767
00190.jpg 0 960 119 840
02619.jpg 0 1023 116 885
00251.jpg 0 1023 0 767
01084.jpg 23 911 0 666
02105.jpg 56 967 0 682
00232.jpg 0 892 177 846
00461.jpg 0 1023 0 767
00277.jpg 0 959 119 840
00949.jpg 35 988 0 714
00822.jpg 0 822 203 820
00942.jpg 0 959 119 840
00903.jpg 0 959 119 840
02252.jpg 0 1023 0 767
01176.jpg 0 871 14 668
00980.jpg 0 887 50 717
02577.jpg 0 683 255 768
01080.jpg 58 965 0 679
00934.jpg 0 1023 0 767
02397.jpg 0 1023 0 767
00342.jpg 0 968 148 875
00206.jpg 0 1023 0 767
00798.jpg 0 959 119 840
00712.jpg 0 834 198 825
00402.jpg 0 954 12 729
02565.jpg 87 930 0 631
02277.jpg 0 775 50 632
00537.jpg 0 855 62 705
02104.jpg 56 967 0 682
00081.jpg 2 821 0 614
00643.jpg 0 959 119 840
02591.jpg 32 943 0 682
00487.jpg 0 938 31 736
00499.jpg 0 1023 90 858
02335.jpg 0 682 255 768
00644.jpg 0 1023 0 767
00036.jpg 0 1023 0 767
02021.jpg 0 575 295 728
00220.jpg 0 947 28 739
02444.jpg 0 1023 127 896
02410.jpg 0 1023 0 767
00882.jpg 0 959 119 840
00136.jpg 0 1023 0 767
02533.jpg 0 1023 0 767
00121.jpg 0 1023 0 767
00146.jpg 0 988 13 754
02094.jpg 0 963 26 751
00962.jpg 0 936 34 736
02287.jpg 0 915 168 855
00235.jpg 0 1023 0 767
00713.jpg 0 986 141 882
02525.jpg 56 967 0 682
02358.jpg 0 1023 0 767
01166.jpg 56 967 0 682
01146.jpg 0 666 249 750
00443.jpg 0 1023 0 767
01091.jpg 0 682 255 768
00815.jpg 0 1023 0 767
02190.jpg 0 1023 0 767
02298.jpg 0 1023 6 774
01148.jpg 29 994 0 723
00816.jpg 0 1023 0 767
00905.jpg 0 1017 130 893
00886.jpg 0 1023 0 767
00291.jpg 17 1006 0 741
00459.jpg 0 767 197 774
00526.jpg 0 959 119 840
00778.jpg 0 1023 0 767
00256.jpg 0 1023 0 767
02116.jpg 0 682 255 768
02569.jpg 0 682 255 768
00165.jpg 78 1023 29 738
00908.jpg 0 767 223 800
00098.jpg 0 840 26 656
02610.jpg 0 677 257 766
02343.jpg 0 682 255 768
01131.jpg 56 967 0 682
00005.jpg 0 995 20 768
02300.jpg 0 1023 0 767
02085.jpg 56 967 0 683
02038.jpg 0 1023 0 767
02193.jpg 0 959 119 840
02532.jpg 0 1023 25 793
02145.jpg 0 893 176 847
00842.jpg 0 1023 127 896
00399.jpg 0 767 223 800
00099.jpg 0 1023 127 896
00055.jpg 0 959 119 840
00521.jpg 0 1023 0 767
02157.jpg 0 683 255 768
00558.jpg 0 767 223 800
00261.jpg 0 959 119 840
00873.jpg 55 830 0 581
02109.jpg 0 1023 0 767
00759.jpg 0 1023 0 767
00670.jpg 0 1023 0 767
00322.jpg 0 959 119 840
02172.jpg 0 910 170 853
02377.jpg 0 682 255 768
00658.jpg 0 1023 0 767
02412.jpg 0 989 140 883
02465.jpg 0 1023 127 896
02469.jpg 0 1023 0 767
00538.jpg 0 1023 127 896
02026.jpg 0 1023 0 767
02347.jpg 0 871 13 668
00703.jpg 0 818 204 819
01209.jpg 0 1022 128 895
02505.jpg 57 966 0 681
00092.jpg 0 682 255 768
02548.jpg 0 677 257 766
02328.jpg 0 1023 0 767
00675.jpg 0 864 108 756
00794.jpg 0 1023 0 767
00072.jpg 0 1023 0 767
02202.jpg 0 1023 0 767
02092.jpg 0 682 255 768
00195.jpg 0 818 204 819
02558.jpg 0 681 214 726
00432.jpg 0 1023 0 767
02423.jpg 0 959 119 840
00131.jpg 0 854 63 704
00746.jpg 0 1023 0 767
01175.jpg 14 987 0 729
00654.jpg 0 1023 0 767
00497.jpg 8 921 0 684
02084.jpg 0 1023 0 767
02319.jpg 252 1023 220 799
00238.jpg 0 1023 0 767
01157.jpg 0 666 249 750
02123.jpg 13 917 0 677
02510.jpg 0 908 0 682
00317.jpg 0 869 108 760
00250.jpg 0 1006 6 761
00173.jpg 0 1023 0 767
02396.jpg 42 981 0 704
01122.jpg 0 794 41 638
01192.jpg 57 966 0 681
00281.jpg 0 959 23 744
00216.jpg 58 859 0 600
00037.jpg 56 967 0 682
01135.jpg 0 767 223 800
01105.jpg 0 888 76 742
02436.jpg 45 955 0 682
02066.jpg 0 1007 5 761
00849.jpg 0 1023 0 767
02439.jpg 26 997 0 728
00966.jpg 0 1023 0 767
02369.jpg 0 1023 57 826
00671.jpg 0 1005 6 761
00018.jpg 56 967 0 682
02407.jpg 0 767 223 800
02147.jpg 0 677 257 766
00546.jpg 0 824 32 650
00096.jpg 0 1023 0 767
02554.jpg 0 879 181 842
02131.jpg 0 767 223 800
02499.jpg 0 767 223 800
00177.jpg 0 1023 0 767
01004.jpg 0 1023 0 767
01184.jpg 40 983 0 707
00628.jpg 0 1023 0 767
00940.jpg 0 1019 1 766
00869.jpg 0 1023 0 767
02529.jpg 0 909 170 853
02390.jpg 0 677 257 766
02191.jpg 0 1023 0 767
01010.jpg 0 1021 0 767
00994.jpg 0 697 122 645
02552.jpg 0 682 249 762
02225.jpg 0 1023 127 896
00895.jpg 0 1023 0 767
00486.jpg 0 599 224 675
01180.jpg 0 811 104 714
00266.jpg 0 767 223 800
02628.jpg 0 1023 9 778
02455.jpg 0 821 138 755
02153.jpg 0 682 255 768
02061.jpg 0 830 200 823
01048.jpg 0 1023 0 767
01160.jpg 0 760 226 797
01094.jpg 0 818 204 819
00875.jpg 0 864 59 708
00338.jpg 0 959 119 840
00755.jpg 0 1023 0 767
02557.jpg 0 682 255 768
01250.jpg 0 1023 25 793
00471.jpg 0 1023 0 767
01107.jpg 0 1023 10 779
02322.jpg 0 1023 127 896
00140.jpg 0 1023 0 767
00684.jpg 0 959 119 840
02581.jpg 0 682 255 768
00416.jpg 0 1023 0 767
00814.jpg 0 1023 0 767
02302.jpg 0 959 119 840
01212.jpg 0 931 51 751
02134.jpg 30 938 0 680
00887.jpg 0 1023 0 767
00127.jpg 0 817 77 690
02080.jpg 0 1023 17 786
02368.jpg 0 824 202 821
02006.jpg 0 1023 127 896
02243.jpg 0 575 295 728
00390.jpg 0 1023 127 896
00093.jpg 0 1023 0 767
01189.jpg 56 967 0 682
00874.jpg 0 845 66 701
00928.jpg 0 660 78 573
01139.jpg 0 769 223 800
00052.jpg 0 1023 0 767
00741.jpg 0 1023 0 767
01178.jpg 0 875 89 747
00736.jpg 0 939 117 822
00768.jpg 0 1023 0 769
02059.jpg 0 1023 25 794
00073.jpg 0 1023 114 882
02371.jpg 0 1023 0 767
00183.jpg 0 988 38 780
00248.jpg 0 1023 0 767
00182.jpg 0 1023 127 896
01025.jpg 0 767 223 800
00774.jpg 0 767 223 800
02270.jpg 0 876 12 670
00731.jpg 0 953 26 741
00981.jpg 0 683 255 768
00058.jpg 0 682 255 768
00032.jpg 0 1006 6 761
